% latex table generated in R 3.4.2 by xtable 1.8-2 package
% Tue Aug  7 19:14:28 2018
\begin{table}[ht]
\scriptsize
\centering
\caption{Correlations of columns of the W matrix for the model fitted in Table~\ref{tab:dom7} to data from the FS Line of experiment AB1}
\label{tab:corrdom}
\begin{tabular}{lrrrrrrr}
  \hline
 & VarE(I) & VarG(Ia) & VarG(Ia:a) & VarG(Ma) & VarE(M) & VarG(Id) & VarG(Md) \\ 
  \hline
VarE(I) & 1.00 & 0.62 & 0.83 & 0.37 & 0.50 & 0.93 & 0.49 \\ 
  VarG(Ia) & 0.62 & 1.00 & 0.92 & 0.74 & 0.59 & 0.77 & 0.61 \\ 
  VarG(Ia:a) & 0.83 & 0.92 & 1.00 & 0.61 & 0.58 & 0.90 & 0.59 \\ 
  VarG(Ma) & 0.37 & 0.74 & 0.61 & 1.00 & 0.74 & 0.56 & 0.78 \\ 
  VarE(M) & 0.50 & 0.59 & 0.58 & 0.74 & 1.00 & 0.60 & 0.99 \\ 
  VarG(Id) & 0.93 & 0.77 & 0.90 & 0.56 & 0.60 & 1.00 & 0.61 \\ 
  VarG(Md) & 0.49 & 0.61 & 0.59 & 0.78 & 0.99 & 0.61 & 1.00 \\ 
   \hline
\normalsize
\end{tabular}
\end{table}

