% latex table generated in R 3.4.2 by xtable 1.8-2 package
% Thu Jul 12 20:06:00 2018
\begin{landscape}
\begin{table}[ht]
\centering
\caption{Correlations among columns of the $W$ matrix used to estimate 9 components of variation in wrinkle scores}
\label{tab:corre9}
\begin{tabular}{rrrrrrrrrr}
  \hline
 & VarE(I) & VarG(Ia) & VarG(Ia:a) & VarG(Ma) & VarE(M) & VarGs(Ia) & VarGs(Ma) & CovG(Ia,Ma) & CovG(Ma,Ia) \\ 
  \hline
VarE(I) & 1.00 & 0.54 & 0.89 & 0.50 & 0.60 & 0.53 & 0.42 & 0.35 & 0.35 \\ 
  VarG(Ia) & 0.54 & 1.00 & 0.82 & 0.55 & 0.50 & 0.67 & 0.50 & 0.59 & 0.59 \\ 
  VarG(Ia:a) & 0.89 & 0.82 & 1.00 & 0.60 & 0.63 & 0.68 & 0.52 & 0.53 & 0.53 \\ 
  VarG(Ma) & 0.50 & 0.55 & 0.60 & 1.00 & 0.82 & 0.64 & 0.93 & 0.76 & 0.76 \\ 
  VarE(M) & 0.60 & 0.50 & 0.63 & 0.82 & 1.00 & 0.53 & 0.70 & 0.57 & 0.57 \\ 
  VarGs(Ia) & 0.53 & 0.67 & 0.68 & 0.64 & 0.53 & 1.00 & 0.65 & 0.61 & 0.61 \\ 
  VarGs(Ma) & 0.42 & 0.50 & 0.52 & 0.93 & 0.70 & 0.65 & 1.00 & 0.71 & 0.71 \\ 
  CovG(Ia,Ma) & 0.35 & 0.59 & 0.53 & 0.76 & 0.57 & 0.61 & 0.71 & 1.00 & 0.58 \\ 
  CovG(Ma,Ia) & 0.35 & 0.59 & 0.53 & 0.76 & 0.57 & 0.61 & 0.71 & 0.58 & 1.00 \\ 
   \hline
\end{tabular}
\end{table}
\end{landscape}

