% latex table generated in R 3.2.2 by xtable 1.8-0 package
% Thu Nov 19 20:37:14 2015
\begin{table}[p]
\footnotesize
\centering
\caption{Numbers of sheep measured for each pair of traits: Part 1/5.} 
\label{tab:counts1}
\begin{tabular}{rrrrrrrrrrr}
  \hline
 & Stal & Crimp & Diam & Gfw & Yld & Cww & Bwt & WrN & WrB & WrT \\ 
  \hline
Stal & 3651 & 2227 & 3632 & 3638 & 3632 & 3632 & 3622 & 3619 & 3616 & 3616 \\ 
  Crimp & 2227 & 2227 & 2213 & 2218 & 2213 & 2213 & 2205 & 2202 & 2199 & 2199 \\ 
  Diam & 3632 & 2213 & 3638 & 3637 & 3637 & 3637 & 3620 & 3617 & 3614 & 3614 \\ 
  Gfw & 3638 & 2218 & 3637 & 3643 & 3637 & 3637 & 3624 & 3621 & 3618 & 3618 \\ 
  Yld & 3632 & 2213 & 3637 & 3637 & 3637 & 3637 & 3619 & 3616 & 3613 & 3613 \\ 
  Cww & 3632 & 2213 & 3637 & 3637 & 3637 & 3637 & 3619 & 3616 & 3613 & 3613 \\ 
  Bwt & 3622 & 2205 & 3620 & 3624 & 3619 & 3619 & 3629 & 3625 & 3622 & 3622 \\ 
  WrN & 3619 & 2202 & 3617 & 3621 & 3616 & 3616 & 3625 & 3626 & 3623 & 3623 \\ 
  WrB & 3616 & 2199 & 3614 & 3618 & 3613 & 3613 & 3622 & 3623 & 3623 & 3623 \\ 
  WrT & 3616 & 2199 & 3614 & 3618 & 3613 & 3613 & 3622 & 3623 & 3623 & 3623 \\ 
  Face & 3644 & 2220 & 3630 & 3635 & 3629 & 3629 & 3620 & 3617 & 3614 & 3614 \\ 
  Staladj & 3572 & 2157 & 3553 & 3559 & 3553 & 3553 & 3543 & 3540 & 3538 & 3538 \\ 
  Cwwadj & 3553 & 2143 & 3558 & 3558 & 3558 & 3558 & 3540 & 3537 & 3535 & 3535 \\ 
  Gfwadj & 3559 & 2148 & 3558 & 3564 & 3558 & 3558 & 3545 & 3542 & 3540 & 3540 \\ 
  Fnua & 3092 & 1768 & 3084 & 3087 & 3083 & 3083 & 3078 & 3076 & 3073 & 3073 \\ 
  Fr & 3093 & 1768 & 3085 & 3088 & 3084 & 3084 & 3079 & 3077 & 3074 & 3074 \\ 
  Fnt & 3074 & 1751 & 3075 & 3077 & 3074 & 3074 & 3079 & 3076 & 3073 & 3073 \\ 
  Sarea & 3074 & 1752 & 3074 & 3077 & 3073 & 3073 & 3078 & 3075 & 3072 & 3072 \\ 
  Fd & 2587 & 1281 & 2580 & 2582 & 2579 & 2579 & 2575 & 2573 & 2570 & 2570 \\ 
  Fc & 2587 & 1281 & 2580 & 2582 & 2579 & 2579 & 2575 & 2573 & 2570 & 2570 \\ 
  Fu & 2587 & 1281 & 2580 & 2582 & 2579 & 2579 & 2575 & 2573 & 2570 & 2570 \\ 
  Birwt & 925 & 645 & 924 & 925 & 923 & 923 & 919 & 918 & 918 & 918 \\ 
  Bcts & 3641 & 2219 & 3628 & 3633 & 3627 & 3627 & 3619 & 3616 & 3613 & 3613 \\ 
  Bctb & 3161 & 1739 & 3148 & 3151 & 3147 & 3147 & 3139 & 3137 & 3134 & 3134 \\ 
  Weanwt & 3646 & 2223 & 3633 & 3638 & 3632 & 3632 & 3624 & 3621 & 3618 & 3618 \\ 
  WeanGfw & 1679 & 1015 & 1679 & 1681 & 1679 & 1679 & 1674 & 1671 & 1668 & 1668 \\ 
  NLB & 3645 & 2221 & 3632 & 3637 & 3631 & 3631 & 3623 & 3620 & 3618 & 3618 \\ 
  NLW & 3645 & 2221 & 3632 & 3637 & 3631 & 3631 & 3623 & 3620 & 3618 & 3618 \\ 
  Dp & 825 & 468 & 823 & 824 & 823 & 823 & 821 & 821 & 821 & 821 \\ 
  Ds & 825 & 468 & 823 & 824 & 823 & 823 & 821 & 821 & 821 & 821 \\ 
  Dps & 825 & 468 & 823 & 824 & 823 & 823 & 821 & 821 & 821 & 821 \\ 
  DpovDs & 825 & 468 & 823 & 824 & 823 & 823 & 821 & 821 & 821 & 821 \\ 
  CVDp & 825 & 468 & 823 & 824 & 823 & 823 & 821 & 821 & 821 & 821 \\ 
  CVDs & 825 & 468 & 823 & 824 & 823 & 823 & 821 & 821 & 821 & 821 \\ 
  MaxDp & 825 & 468 & 823 & 824 & 823 & 823 & 821 & 821 & 821 & 821 \\ 
  MinDp & 825 & 468 & 823 & 824 & 823 & 823 & 821 & 821 & 821 & 821 \\ 
  MaxDs & 825 & 468 & 823 & 824 & 823 & 823 & 821 & 821 & 821 & 821 \\ 
  MinDs & 825 & 468 & 823 & 824 & 823 & 823 & 821 & 821 & 821 & 821 \\ 
  SDDp & 825 & 468 & 823 & 824 & 823 & 823 & 821 & 821 & 821 & 821 \\ 
  SDDs & 825 & 468 & 823 & 824 & 823 & 823 & 821 & 821 & 821 & 821 \\ 
  SDD & 825 & 468 & 823 & 824 & 823 & 823 & 821 & 821 & 821 & 821 \\ 
  CVD & 825 & 468 & 823 & 824 & 823 & 823 & 821 & 821 & 821 & 821 \\ 
  Gt30Dp & 825 & 468 & 823 & 824 & 823 & 823 & 821 & 821 & 821 & 821 \\ 
  Gt30Ds & 825 & 468 & 823 & 824 & 823 & 823 & 821 & 821 & 821 & 821 \\ 
  Gt30D & 825 & 468 & 823 & 824 & 823 & 823 & 821 & 821 & 821 & 821 \\ 
  Colour & 3393 & 1971 & 3388 & 3391 & 3387 & 3387 & 3377 & 3375 & 3375 & 3375 \\ 
  Fly & 3396 & 1972 & 3391 & 3394 & 3390 & 3390 & 3380 & 3378 & 3378 & 3378 \\ 
  Flcrot & 3396 & 1972 & 3391 & 3394 & 3390 & 3390 & 3380 & 3378 & 3378 & 3378 \\ 
  Bactst & 2279 & 855 & 2270 & 2273 & 2269 & 2269 & 2271 & 2270 & 2270 & 2270 \\ 
  MycD & 2279 & 855 & 2270 & 2273 & 2269 & 2269 & 2271 & 2270 & 2270 & 2270 \\ 
   \hline
\end{tabular}
\normalsize
\end{table}
