% latex table generated in R 3.2.2 by xtable 1.8-0 package
% Thu Nov 19 20:51:15 2015
\begin{table}[p]
\footnotesize
\centering
\caption{Numbers of sheep measured for each pair of traits: Part 3/5.} 
\label{tab:counts3}
\begin{tabular}{rrrrrrrrrrr}
  \hline
 & Fu & Birwt & Bcts & Bctb & Weanwt & WeanGfw & NLB & NLW & Dp & Ds \\ 
  \hline
Stal & 2587 & 925 & 3641 & 3161 & 3646 & 1679 & 3645 & 3645 & 825 & 825 \\ 
  Crimp & 1281 & 645 & 2219 & 1739 & 2223 & 1015 & 2221 & 2221 & 468 & 468 \\ 
  Diam & 2580 & 924 & 3628 & 3148 & 3633 & 1679 & 3632 & 3632 & 823 & 823 \\ 
  Gfw & 2582 & 925 & 3633 & 3151 & 3638 & 1681 & 3637 & 3637 & 824 & 824 \\ 
  Yld & 2579 & 923 & 3627 & 3147 & 3632 & 1679 & 3631 & 3631 & 823 & 823 \\ 
  Cww & 2579 & 923 & 3627 & 3147 & 3632 & 1679 & 3631 & 3631 & 823 & 823 \\ 
  Bwt & 2575 & 919 & 3619 & 3139 & 3624 & 1674 & 3623 & 3623 & 821 & 821 \\ 
  WrN & 2573 & 918 & 3616 & 3137 & 3621 & 1671 & 3620 & 3620 & 821 & 821 \\ 
  WrB & 2570 & 918 & 3613 & 3134 & 3618 & 1668 & 3618 & 3618 & 821 & 821 \\ 
  WrT & 2570 & 918 & 3613 & 3134 & 3618 & 1668 & 3618 & 3618 & 821 & 821 \\ 
  Face & 2587 & 925 & 3639 & 3163 & 3644 & 1676 & 3643 & 3643 & 825 & 825 \\ 
  Staladj & 2567 & 899 & 3562 & 3088 & 3567 & 1656 & 3572 & 3572 & 798 & 798 \\ 
  Cwwadj & 2559 & 897 & 3548 & 3074 & 3553 & 1656 & 3558 & 3558 & 796 & 796 \\ 
  Gfwadj & 2562 & 899 & 3554 & 3078 & 3559 & 1658 & 3564 & 3564 & 797 & 797 \\ 
  Fnua & 2590 & 580 & 3090 & 2670 & 3095 & 1476 & 3091 & 3091 & 824 & 824 \\ 
  Fr & 2591 & 580 & 3091 & 2671 & 3096 & 1476 & 3092 & 3092 & 825 & 825 \\ 
  Fnt & 2574 & 579 & 3072 & 2655 & 3077 & 1473 & 3073 & 3073 & 821 & 821 \\ 
  Sarea & 2573 & 579 & 3072 & 2655 & 3077 & 1473 & 3073 & 3073 & 821 & 821 \\ 
  Fd & 2592 & 484 & 2585 & 2164 & 2590 & 1428 & 2588 & 2588 & 338 & 338 \\ 
  Fc & 2592 & 484 & 2585 & 2164 & 2590 & 1428 & 2588 & 2588 & 338 & 338 \\ 
  Fu & 2592 & 484 & 2585 & 2164 & 2590 & 1428 & 2588 & 2588 & 338 & 338 \\ 
  Birwt & 484 & 927 & 923 & 862 & 926 & 549 & 927 & 927 &  95 &  95 \\ 
  Bcts & 2585 & 923 & 3648 & 3164 & 3643 & 1678 & 3642 & 3642 & 825 & 825 \\ 
  Bctb & 2164 & 862 & 3164 & 3164 & 3159 & 1196 & 3160 & 3160 & 825 & 825 \\ 
  Weanwt & 2590 & 926 & 3643 & 3159 & 3653 & 1684 & 3647 & 3647 & 825 & 825 \\ 
  WeanGfw & 1428 & 549 & 1678 & 1196 & 1684 & 1685 & 1681 & 1681 &  48 &  48 \\ 
  NLB & 2588 & 927 & 3642 & 3160 & 3647 & 1681 & 3652 & 3652 & 823 & 823 \\ 
  NLW & 2588 & 927 & 3642 & 3160 & 3647 & 1681 & 3652 & 3652 & 823 & 823 \\ 
  Dp & 338 &  95 & 825 & 825 & 825 &  48 & 823 & 823 & 825 & 825 \\ 
  Ds & 338 &  95 & 825 & 825 & 825 &  48 & 823 & 823 & 825 & 825 \\ 
  Dps & 338 &  95 & 825 & 825 & 825 &  48 & 823 & 823 & 825 & 825 \\ 
  DpovDs & 338 &  95 & 825 & 825 & 825 &  48 & 823 & 823 & 825 & 825 \\ 
  CVDp & 338 &  95 & 825 & 825 & 825 &  48 & 823 & 823 & 825 & 825 \\ 
  CVDs & 338 &  95 & 825 & 825 & 825 &  48 & 823 & 823 & 825 & 825 \\ 
  MaxDp & 338 &  95 & 825 & 825 & 825 &  48 & 823 & 823 & 825 & 825 \\ 
  MinDp & 338 &  95 & 825 & 825 & 825 &  48 & 823 & 823 & 825 & 825 \\ 
  MaxDs & 338 &  95 & 825 & 825 & 825 &  48 & 823 & 823 & 825 & 825 \\ 
  MinDs & 338 &  95 & 825 & 825 & 825 &  48 & 823 & 823 & 825 & 825 \\ 
  SDDp & 338 &  95 & 825 & 825 & 825 &  48 & 823 & 823 & 825 & 825 \\ 
  SDDs & 338 &  95 & 825 & 825 & 825 &  48 & 823 & 823 & 825 & 825 \\ 
  SDD & 338 &  95 & 825 & 825 & 825 &  48 & 823 & 823 & 825 & 825 \\ 
  CVD & 338 &  95 & 825 & 825 & 825 &  48 & 823 & 823 & 825 & 825 \\ 
  Gt30Dp & 338 &  95 & 825 & 825 & 825 &  48 & 823 & 823 & 825 & 825 \\ 
  Gt30Ds & 338 &  95 & 825 & 825 & 825 &  48 & 823 & 823 & 825 & 825 \\ 
  Gt30D & 338 &  95 & 825 & 825 & 825 &  48 & 823 & 823 & 825 & 825 \\ 
  Colour & 2339 & 926 & 3390 & 2911 & 3394 & 1434 & 3394 & 3394 & 825 & 825 \\ 
  Fly & 2340 & 927 & 3393 & 2914 & 3397 & 1435 & 3397 & 3397 & 825 & 825 \\ 
  Flcrot & 2340 & 927 & 3393 & 2914 & 3397 & 1435 & 3397 & 3397 & 825 & 825 \\ 
  Bactst & 1307 & 630 & 2277 & 2277 & 2278 & 835 & 2278 & 2278 & 825 & 825 \\ 
  MycD & 1307 & 630 & 2277 & 2277 & 2278 & 835 & 2278 & 2278 & 825 & 825 \\ 
   \hline
\end{tabular}
\normalsize
\end{table}
